100000 1.354
200000 1.221
300000 0.893
400000 0.674
500000 0.583
600000 0.783
700000 0.921
800000 1.148
900000 0.847
1000000 0.899

100000 1.093
200000 1.134
300000 0.617
400000 0.764
500000 0.697
600000 0.964
700000 0.92
800000 0.943
900000 0.981
1000000 0.925

100000 1.377
200000 1.134
300000 0.712
400000 0.881
500000 0.892
600000 0.875
700000 1.133
800000 0.855
900000 0.966
1000000 0.786

100000 1.388
200000 0.722
300000 0.737
400000 0.773
500000 0.767
600000 0.862
700000 0.912
800000 0.985
900000 0.973
1000000 0.702

100000 1.33
200000 1.046
300000 0.64
400000 0.623
500000 0.616
600000 0.856
700000 0.627
800000 0.608
900000 0.692
1000000 0.731

100000 1.192
200000 0.672
300000 0.539
400000 0.741
500000 0.635
600000 0.796
700000 0.77
800000 0.874
900000 0.924
1000000 0.648

100000 1.276
200000 1.017
300000 0.523
400000 0.493
500000 0.599
600000 0.632
700000 0.593
800000 0.698
900000 0.708
1000000 0.723

100000 1.239
200000 0.605
300000 0.524
400000 0.57
500000 0.591
600000 0.608
700000 0.613
800000 0.636
900000 0.654
1000000 0.588

100000 1.272
200000 0.557
300000 0.494
400000 0.61
500000 0.724
600000 0.971
700000 1.561
800000 0.66
900000 0.722
1000000 0.719

100000 1.08
200000 0.935
300000 0.518
400000 0.546
500000 0.703
600000 0.747
700000 0.663
800000 0.828
900000 0.814
1000000 0.906