100000 0.002345
200000 0.007342
300000 0.007288
400000 0.009981
500000 0.012948
600000 0.019028
700000 0.017161
800000 0.019661
900000 0.023059
1000000 0.029148

100000 0.002357
200000 0.00845
300000 0.008393
400000 0.01017
500000 0.012884
600000 0.015008
700000 0.01717
800000 0.028442
900000 0.02406
1000000 0.02507

100000 0.003074
200000 0.004921
300000 0.007266
400000 0.009911
500000 0.016338
600000 0.014578
700000 0.017437
800000 0.02672
900000 0.023307
1000000 0.038329

100000 0.002276
200000 0.004827
300000 0.007531
400000 0.01003
500000 0.012316
600000 0.014865
700000 0.01711
800000 0.026836
900000 0.022524
1000000 0.03642

100000 0.002348
200000 0.004757
300000 0.007395
400000 0.009539
500000 0.013206
600000 0.015311
700000 0.017504
800000 0.019681
900000 0.02176
1000000 0.024515

100000 0.002319
200000 0.004895
300000 0.007605
400000 0.009937
500000 0.012356
600000 0.014935
700000 0.017352
800000 0.023139
900000 0.021908
1000000 0.026482

100000 0.004137
200000 0.004885
300000 0.009136
400000 0.009785
500000 0.01224
600000 0.014847
700000 0.01711
800000 0.024633
900000 0.021876
1000000 0.024168

100000 0.002391
200000 0.004955
300000 0.007333
400000 0.013305
500000 0.014015
600000 0.01493
700000 0.017137
800000 0.019684
900000 0.023785
1000000 0.028431

100000 0.002321
200000 0.004852
300000 0.007602
400000 0.009938
500000 0.012471
600000 0.015333
700000 0.017671
800000 0.019833
900000 0.021874
1000000 0.024226

100000 0.002328
200000 0.004858
300000 0.007304
400000 0.01014
500000 0.012235
600000 0.01946
700000 0.023339
800000 0.019826
900000 0.021978
1000000 0.026407