100000 1.559
200000 1.43
300000 1.388
400000 1.391
500000 1.547
600000 1.752
700000 1.451
800000 1.393
900000 1.249
1000000 1.372

100000 1.481
200000 1.666
300000 1.441
400000 1.372
500000 1.305
600000 1.228
700000 1.209
800000 1.156
900000 1.122
1000000 1.094

100000 1.459
200000 1.627
300000 1.359
400000 1.303
500000 1.284
600000 1.261
700000 1.248
800000 1.208
900000 1.334
1000000 1.179

100000 1.485
200000 1.41
300000 1.306
400000 1.234
500000 1.227
600000 1.191
700000 1.177
800000 1.142
900000 1.096
1000000 1.074

100000 1.42
200000 1.363
300000 1.326
400000 1.283
500000 1.254
600000 1.221
700000 1.187
800000 1.144
900000 1.131
1000000 1.099

100000 1.436
200000 1.366
300000 1.374
400000 1.293
500000 1.267
600000 1.257
700000 1.219
800000 1.196
900000 1.169
1000000 1.209

100000 1.433
200000 1.388
300000 1.402
400000 1.329
500000 1.316
600000 1.256
700000 1.245
800000 1.228
900000 1.186
1000000 1.178

100000 1.363
200000 1.34
300000 1.321
400000 1.291
500000 1.25
600000 1.229
700000 1.194
800000 1.151
900000 1.49
1000000 1.49

100000 1.468
200000 1.737
300000 1.521
400000 1.348
500000 1.277
600000 1.263
700000 1.203
800000 1.219
900000 1.17
1000000 1.127

100000 1.33
200000 1.273
300000 1.272
400000 1.218
500000 1.192
600000 1.167
700000 1.14
800000 1.111
900000 1.094
1000000 1.071