100000 0.773
200000 1.98
300000 4.714
400000 5.726
500000 5.26
600000 8.346
700000 8.949
800000 10.292
900000 11.723
1000000 13.755

100000 0.836
200000 1.81
300000 2.735
400000 3.856
500000 6.664
600000 5.931
700000 11.94
800000 8.756
900000 9.418
1000000 14.217

100000 0.725
200000 2.26
300000 2.836
400000 3.776
500000 4.604
600000 5.615
700000 7.257
800000 7.908
900000 10.589
1000000 10.533

100000 0.72
200000 1.612
300000 2.592
400000 3.481
500000 4.581
600000 5.618
700000 6.762
800000 7.678
900000 9.148
1000000 10.295

100000 0.735
200000 2.034
300000 2.82
400000 5.488
500000 4.665
600000 7.511
700000 7.601
800000 7.819
900000 12.674
1000000 12.998

100000 0.737
200000 2.259
300000 2.597
400000 4.642
500000 7.043
600000 7.904
700000 7.369
800000 11.645
900000 10.995
1000000 12.176

100000 0.762
200000 1.938
300000 3.167
400000 4.148
500000 4.696
600000 5.956
700000 9.093
800000 8.951
900000 10.173
1000000 11.694

100000 0.717
200000 1.666
300000 2.798
400000 4.413
500000 4.884
600000 5.789
700000 7.378
800000 8.222
900000 9.176
1000000 11.205

100000 0.733
200000 1.945
300000 3.268
400000 4.912
500000 4.752
600000 5.63
700000 6.826
800000 7.833
900000 8.76
1000000 10.096

100000 0.72
200000 2.239
300000 2.634
400000 4.411
500000 4.865
600000 6.087
700000 7.6
800000 9.048
900000 9.033
1000000 11.929