100000 0.043
200000 0.049
300000 0.068
400000 0.087
500000 0.128
600000 0.153
700000 0.273
800000 0.271
900000 0.298
1000000 0.327

100000 0.036
200000 0.06
300000 0.089
400000 0.097
500000 0.121
600000 0.155
700000 0.237
800000 0.316
900000 0.291
1000000 0.319

100000 0.031
200000 0.051
300000 0.069
400000 0.098
500000 0.123
600000 0.151
700000 0.21
800000 0.309
900000 0.337
1000000 1.247

100000 0.036
200000 0.057
300000 0.087
400000 0.114
500000 0.134
600000 0.195
700000 0.194
800000 0.263
900000 0.305
1000000 1.434

100000 0.037
200000 0.046
300000 0.074
400000 0.103
500000 0.116
600000 0.187
700000 0.228
800000 0.262
900000 0.288
1000000 0.32

100000 0.036
200000 0.06
300000 0.073
400000 0.082
500000 0.112
600000 0.156
700000 0.2
800000 0.214
900000 1.11
1000000 0.544

100000 0.039
200000 0.047
300000 0.058
400000 0.097
500000 0.124
600000 0.138
700000 0.186
800000 0.213
900000 0.227
1000000 0.298

100000 0.039
200000 0.049
300000 0.059
400000 0.083
500000 0.112
600000 0.217
700000 0.224
800000 0.312
900000 0.275
1000000 0.286

100000 0.043
200000 0.051
300000 0.061
400000 0.091
500000 0.131
600000 0.203
700000 0.215
800000 0.217
900000 0.328
1000000 1.361

100000 0.038
200000 0.065
300000 0.072
400000 0.116
500000 0.139
600000 0.212
700000 0.267
800000 0.306
900000 0.312
1000000 0.354