100000 0.044063
200000 0.090458
300000 0.145028
400000 0.268636
500000 0.302895
600000 0.419504
700000 0.405949
800000 0.483388
900000 0.528622
1000000 0.581786

100000 0.044417
200000 0.090155
300000 0.145682
400000 0.235643
500000 0.278037
600000 0.334404
700000 0.493521
800000 0.492809
900000 0.577249
1000000 0.593442

100000 0.041867
200000 0.091314
300000 0.144065
400000 0.214507
500000 0.288887
600000 0.396687
700000 0.427951
800000 0.457056
900000 0.706173
1000000 0.593664

100000 0.042793
200000 0.091845
300000 0.148064
400000 0.213384
500000 0.325924
600000 0.350216
700000 0.41362
800000 0.590753
900000 0.562335
1000000 0.588741

100000 0.041501
200000 0.090301
300000 0.144316
400000 0.230587
500000 0.274187
600000 0.334542
700000 0.463348
800000 0.515129
900000 0.576719
1000000 0.629302

100000 0.042699
200000 0.090379
300000 0.147093
400000 0.21633
500000 0.26389
600000 0.32312
700000 0.43188
800000 0.459313
900000 0.626744
1000000 0.630915

100000 0.043778
200000 0.091263
300000 0.147592
400000 0.232359
500000 0.277767
600000 0.328062
700000 0.442903
800000 0.567855
900000 0.572102
1000000 0.586235

100000 0.042115
200000 0.090756
300000 0.145071
400000 0.208664
500000 0.261577
600000 0.313596
700000 0.395529
800000 0.438769
900000 0.492757
1000000 0.571421

100000 0.042235
200000 0.090669
300000 0.147007
400000 0.20248
500000 0.262446
600000 0.309471
700000 0.388967
800000 0.450939
900000 0.503845
1000000 0.654028

100000 0.04218
200000 0.090357
300000 0.143885
400000 0.20322
500000 0.263352
600000 0.451661
700000 0.428206
800000 0.665438
900000 0.60741
1000000 0.942066