100000 0.054
200000 0.063
300000 0.072
400000 0.095
500000 0.091
600000 0.109
700000 0.121
800000 0.216
900000 0.166
1000000 0.183

100000 0.063
200000 0.044
300000 0.069
400000 0.084
500000 0.089
600000 0.109
700000 0.131
800000 0.233
900000 0.155
1000000 0.19

100000 0.053
200000 0.048
300000 0.075
400000 0.081
500000 0.089
600000 0.112
700000 0.133
800000 0.2
900000 0.175
1000000 0.191

100000 0.052
200000 0.06
300000 0.08
400000 0.094
500000 0.093
600000 0.133
700000 0.139
800000 0.189
900000 0.17
1000000 0.167

100000 0.045
200000 0.056
300000 0.059
400000 0.073
500000 0.082
600000 0.103
700000 0.124
800000 0.194
900000 0.189
1000000 0.201

100000 0.052
200000 0.044
300000 0.069
400000 0.081
500000 0.09
600000 0.105
700000 0.111
800000 0.182
900000 0.192
1000000 0.19

100000 0.054
200000 0.047
300000 0.067
400000 0.085
500000 0.085
600000 0.103
700000 0.13
800000 0.208
900000 0.18
1000000 0.181

100000 0.051
200000 0.049
300000 0.06
400000 0.073
500000 0.079
600000 0.093
700000 0.112
800000 0.163
900000 0.179
1000000 0.221

100000 0.04
200000 0.039
300000 0.067
400000 0.08
500000 0.085
600000 0.106
700000 0.128
800000 0.188
900000 0.165
1000000 0.242

100000 0.064
200000 0.057
300000 0.066
400000 0.082
500000 0.086
600000 0.108
700000 0.124
800000 0.181
900000 0.162
1000000 0.186