100000 0.021508
200000 0.043468
300000 0.067355
400000 0.091201
500000 0.117935
600000 0.140073
700000 0.167024
800000 0.191725
900000 0.217148
1000000 0.246133

100000 0.021476
200000 0.043417
300000 0.067221
400000 0.091632
500000 0.126312
600000 0.158684
700000 0.175951
800000 0.198089
900000 0.217385
1000000 0.267185

100000 0.021593
200000 0.043607
300000 0.067234
400000 0.091785
500000 0.11646
600000 0.157287
700000 0.165939
800000 0.206601
900000 0.219578
1000000 0.247306

100000 0.021102
200000 0.04452
300000 0.068546
400000 0.092355
500000 0.116071
600000 0.142012
700000 0.165718
800000 0.196512
900000 0.217194
1000000 0.264809

100000 0.021565
200000 0.043355
300000 0.067068
400000 0.092323
500000 0.122878
600000 0.144933
700000 0.166623
800000 0.210867
900000 0.233011
1000000 0.248359

100000 0.021073
200000 0.045474
300000 0.067557
400000 0.0985
500000 0.125058
600000 0.143738
700000 0.182174
800000 0.196971
900000 0.260388
1000000 0.25518

100000 0.022147
200000 0.043966
300000 0.067688
400000 0.095102
500000 0.133982
600000 0.141018
700000 0.170607
800000 0.196887
900000 0.25786
1000000 0.256555

100000 0.021431
200000 0.044174
300000 0.067135
400000 0.094717
500000 0.131034
600000 0.145102
700000 0.16731
800000 0.211674
900000 0.237065
1000000 0.25652

100000 0.021007
200000 0.045236
300000 0.068983
400000 0.091711
500000 0.116186
600000 0.14769
700000 0.184615
800000 0.191639
900000 0.218668
1000000 0.260353

100000 0.021601
200000 0.044348
300000 0.067054
400000 0.090778
500000 0.114844
600000 0.138729
700000 0.16259
800000 0.189812
900000 0.20919
1000000 0.260686