100000 16.36
200000 16.157
300000 17.968
400000 18.086
500000 13.646
600000 16.794
700000 14.092
800000 14.288
900000 13.849
1000000 16.524

100000 16.367
200000 14.313
300000 16.579
400000 14.981
500000 13.89
600000 13.922
700000 13.596
800000 15.838
900000 13.574
1000000 12.937

100000 15.936
200000 18.175
300000 17.554
400000 14.444
500000 14.838
600000 13.826
700000 14.083
800000 13.506
900000 13.25
1000000 12.781

100000 14.248
200000 14.452
300000 14.639
400000 14.019
500000 14.264
600000 13.821
700000 13.395
800000 13.156
900000 13.11
1000000 14.778

100000 14.522
200000 14.26
300000 13.731
400000 13.546
500000 13.2
600000 12.86
700000 12.864
800000 21.044
900000 16.227
1000000 11.872

100000 16.533
200000 14.63
300000 14.476
400000 14.177
500000 14.279
600000 13.696
700000 16.896
800000 18.573
900000 16.591
1000000 14.199

100000 14.217
200000 13.908
300000 13.63
400000 13.464
500000 13.092
600000 12.889
700000 12.495
800000 12.164
900000 10.9
1000000 14.897

100000 15.652
200000 15.817
300000 23.339
400000 23.596
500000 16.396
600000 22.271
700000 21.968
800000 20.546
900000 12.69
1000000 13.454

100000 16.885
200000 15.936
300000 14.82
400000 21.037
500000 22.967
600000 17.919
700000 14.495
800000 13.239
900000 13.004
1000000 12.642

100000 16.802
200000 15.309
300000 14.405
400000 13.953
500000 13.62
600000 13.489
700000 13.19
800000 14.327
900000 13.147
1000000 12.161