100000 0.293
200000 0.622
300000 1.043
400000 1.622
500000 2.15
600000 2.295
700000 3.347
800000 3.481
900000 3.718
1000000 3.969

100000 0.333
200000 0.828
300000 1.217
400000 1.525
500000 1.768
600000 2.428
700000 3.266
800000 3.553
900000 4.228
1000000 4.668

100000 0.311
200000 0.726
300000 1.333
400000 1.467
500000 1.889
600000 2.829
700000 2.799
800000 3.956
900000 4.464
1000000 6.397

100000 0.298
200000 0.628
300000 1.014
400000 1.761
500000 1.842
600000 2.265
700000 2.737
800000 3.718
900000 6.066
1000000 4.773

100000 0.283
200000 0.72
300000 1.473
400000 1.667
500000 2.029
600000 2.39
700000 3.365
800000 3.009
900000 6.368
1000000 4.919

100000 0.296
200000 0.817
300000 1.569
400000 2.199
500000 4.002
600000 2.471
700000 3.293
800000 5.779
900000 4.039
1000000 6.176

100000 0.283
200000 0.844
300000 1.545
400000 1.835
500000 1.947
600000 3.227
700000 2.694
800000 3.711
900000 3.786
1000000 6.18

100000 0.328
200000 0.637
300000 1.275
400000 1.456
500000 2.159
600000 3.407
700000 3.169
800000 3.65
900000 4.371
1000000 4.737

100000 0.314
200000 0.783
300000 1.205
400000 1.475
500000 1.733
600000 2.342
700000 2.603
800000 3.126
900000 3.927
1000000 4.142

100000 0.349
200000 0.647
300000 1.015
400000 1.76
500000 2.061
600000 2.49
700000 3.169
800000 3.443
900000 4.101
1000000 4.169