100000 0.02
200000 0.018
300000 0.029
400000 0.037
500000 0.048
600000 0.057
700000 0.067
800000 0.078
900000 0.088
1000000 0.099

100000 0.017
200000 0.018
300000 0.027
400000 0.038
500000 0.049
600000 0.058
700000 0.069
800000 0.079
900000 0.091
1000000 0.101

100000 0.019
200000 0.02
300000 0.031
400000 0.039
500000 0.054
600000 0.059
700000 0.068
800000 0.079
900000 0.093
1000000 0.105

100000 0.017
200000 0.021
300000 0.027
400000 0.038
500000 0.048
600000 0.058
700000 0.069
800000 0.078
900000 0.09
1000000 0.1

100000 0.023
200000 0.019
300000 0.029
400000 0.038
500000 0.048
600000 0.063
700000 0.073
800000 0.08
900000 0.094
1000000 0.107

100000 0.023
200000 0.018
300000 0.028
400000 0.04
500000 0.048
600000 0.057
700000 0.069
800000 0.079
900000 0.09
1000000 0.1

100000 0.021
200000 0.018
300000 0.028
400000 0.039
500000 0.047
600000 0.057
700000 0.068
800000 0.079
900000 0.088
1000000 0.1

100000 0.02
200000 0.02
300000 0.028
400000 0.037
500000 0.048
600000 0.059
700000 0.069
800000 0.082
900000 0.095
1000000 0.11

100000 0.022
200000 0.021
300000 0.028
400000 0.038
500000 0.048
600000 0.059
700000 0.07
800000 0.078
900000 0.093
1000000 0.103

100000 0.016
200000 0.019
300000 0.027
400000 0.039
500000 0.048
600000 0.058
700000 0.069
800000 0.079
900000 0.089
1000000 0.103