100000 0.302
200000 0.645
300000 0.993
400000 3.532
500000 2.14
600000 4.363
700000 3.092
800000 4.894
900000 5.742
1000000 5.759

100000 0.015287
200000 0.032159
300000 0.04969
400000 0.06734
500000 0.085645
600000 0.103363
700000 0.122537
800000 0.141864
900000 0.158954
1000000 0.180355

100000 0.015118
200000 0.032161
300000 0.04883
400000 0.066942
500000 0.085239
600000 0.103965
700000 0.128415
800000 0.144295
900000 0.168405
1000000 0.178316

100000 0.015174
200000 0.03307
300000 0.049584
400000 0.066561
500000 0.086011
600000 0.103192
700000 0.125339
800000 0.148048
900000 0.161155
1000000 0.176892

100000 0.015348
200000 0.032039
300000 0.04937
400000 0.066943
500000 0.086238
600000 0.105385
700000 0.123101
800000 0.145142
900000 0.162342
1000000 0.201386

100000 0.015206
200000 0.03227
300000 0.049615
400000 0.069138
500000 0.084952
600000 0.110255
700000 0.123559
800000 0.142936
900000 0.174761
1000000 0.185804

100000 0.015048
200000 0.031907
300000 0.050499
400000 0.066897
500000 0.085788
600000 0.110786
700000 0.127141
800000 0.13947
900000 0.162712
1000000 0.179602

100000 0.015089
200000 0.032119
300000 0.049876
400000 0.066437
500000 0.087552
600000 0.108344
700000 0.121693
800000 0.143873
900000 0.159996
1000000 0.180346

100000 0.01579
200000 0.031599
300000 0.049069
400000 0.067006
500000 0.087446
600000 0.111789
700000 0.121098
800000 0.142597
900000 0.179044
1000000 0.18417

100000 0.014991
200000 0.031721
300000 0.049557
400000 0.066089
500000 0.090481
600000 0.103421
700000 0.13192
800000 0.137437
900000 0.158544
1000000 0.177099